# run for 5 steps, averages of 1repeats
#T M S [sterror in M over repeats] [sterror in S over repeats] [sterror in M(t), avg over repeats] 0.0 0.0 0.00218
0.0 0.2 0.00168
0.0 0.4 0.00274
0.0 0.6000000000000001 0.00228
0.0 0.8 0.0020800000000000003
0.0 1.0 0.0028399999999999996
0.2 0.0 0.01408
0.2 0.2 0.029939999999999998
0.2 0.4 0.04152
0.2 0.6000000000000001 0.0521
0.2 0.8 0.05892000000000001
0.2 1.0 0.062479999999999994
0.4 0.0 0.028839999999999998
0.4 0.2 0.10134
0.4 0.4 0.14898
0.4 0.6000000000000001 0.18594000000000002
0.4 0.8 0.2229
0.4 1.0 0.23998000000000003
0.6000000000000001 0.0 0.03692
0.6000000000000001 0.2 0.158
0.6000000000000001 0.4 0.25134
0.6000000000000001 0.6000000000000001 0.31361999999999995
0.6000000000000001 0.8 0.34746
0.6000000000000001 1.0 0.38094
0.8 0.0 0.0388
0.8 0.2 0.19444
0.8 0.4 0.30422
0.8 0.6000000000000001 0.37376
0.8 0.8 0.42253999999999997
0.8 1.0 0.44816000000000006
1.0 0.0 0.03572
1.0 0.2 0.21258000000000002
1.0 0.4 0.3377
1.0 0.6000000000000001 0.4045
1.0 0.8 0.45006
1.0 1.0 0.4804
